0 0.38208 0.40833 0.09906 0.17708 0.36321 0.49167 2 0.36910 0.46458 2 0.41274 0.36042 2 0.41863 0.46875 2 0.34906 0.37500 2 
0 0.31132 0.23750 0.09670 0.16042 0.31368 0.31667 2 0.31132 0.29375 2 0.27594 0.30417 2 0.35613 0.25000 2 0.26887 0.25208 2 
0 0.27241 0.37500 0.08844 0.16250 0.27476 0.45417 2 0.27476 0.42917 2 0.27594 0.30417 2 0.31014 0.38542 2 0.23113 0.37917 2 
0 0.18042 0.40417 0.10613 0.17708 0.19458 0.38125 2 0.18750 0.34583 2 0.14505 0.46042 2 0.21226 0.47708 2 0.15330 0.46667 2 
0 0.17571 0.52083 0.09080 0.15208 0.20637 0.58333 2 0.19458 0.55625 2 0.14505 0.46042 2 0.21226 0.47708 2 0.14858 0.57917 2 
0 0.18396 0.30417 0.09434 0.16250 0.19458 0.38125 2 0.18750 0.34583 2 0.18514 0.22917 2 0.22642 0.31042 2 0.14033 0.30625 2 
0 0.65094 0.33750 0.10967 0.17917 0.65448 0.42500 2 0.65330 0.39583 2 0.69811 0.32500 2 0.65920 0.40625 2 0.67571 0.29583 2 
0 0.62146 0.59375 0.09080 0.14167 0.66156 0.65208 2 0.64858 0.63333 2 0.58373 0.54167 2 0.65330 0.55625 2 0.60731 0.52708 2 
0 0.62382 0.45833 0.09080 0.16250 0.66509 0.50625 2 0.64741 0.48333 2 0.58491 0.41042 2 0.65920 0.40625 2 0.66038 0.43958 2 
0 0.71934 0.25417 0.10377 0.16667 0.73349 0.33333 2 0.72877 0.31042 2 0.69811 0.32500 2 0.76651 0.24583 2 0.67571 0.29583 2 
0 0.70401 0.40625 0.10024 0.16458 0.71226 0.48542 2 0.71108 0.45833 2 0.00000 0.00000 0 0.75354 0.40417 2 0.66038 0.43958 2 
0 0.80071 0.40208 0.08726 0.17083 0.79363 0.48125 2 0.79717 0.45625 2 0.77948 0.32708 2 0.83844 0.40625 2 0.76061 0.42917 2 
