0 0.47052 0.53333 0.09198 0.17500 0.49410 0.45833 2 0.48113 0.48750 2 0.43868 0.60208 2 0.43514 0.48750 2 0.50354 0.57292 2 
0 0.53184 0.69792 0.10613 0.20833 0.52948 0.60417 2 0.53066 0.63750 2 0.53656 0.79583 2 0.48467 0.67917 2 0.58137 0.68333 2 
0 0.57783 0.57708 0.08962 0.17292 0.57311 0.49792 2 0.57429 0.52292 2 0.58608 0.65625 2 0.53420 0.55417 2 0.61557 0.55417 2 
0 0.65684 0.51042 0.10967 0.14167 0.66745 0.55625 2 0.62854 0.47500 2 0.70755 0.50417 2 0.63679 0.47292 2 0.67099 0.44583 2 
0 0.67571 0.64792 0.09198 0.18542 0.00000 0.00000 0 0.67099 0.58542 2 0.68632 0.73125 2 0.63325 0.62708 2 0.71816 0.61875 2 
0 0.67217 0.45417 0.08962 0.10417 0.63325 0.41458 2 0.64741 0.43542 2 0.70755 0.50417 2 0.63679 0.47292 2 0.68868 0.41458 2 
0 0.09552 0.53333 0.08019 0.15208 0.12500 0.47083 2 0.11675 0.48542 2 0.08255 0.60625 2 0.13208 0.51458 2 0.13208 0.54167 2 
0 0.13090 0.65625 0.11085 0.17500 0.14033 0.57708 2 0.14269 0.60208 2 0.14858 0.59375 2 0.07783 0.65208 2 0.18160 0.64167 2 
0 0.16745 0.54167 0.08137 0.13542 0.18632 0.47708 2 0.18160 0.49375 2 0.14858 0.59375 2 0.13208 0.51458 2 0.20755 0.51458 2 
0 0.19929 0.53958 0.10142 0.16458 0.18632 0.47708 2 0.18160 0.49375 2 0.16981 0.61667 2 0.22406 0.51458 2 0.20755 0.51458 2 
0 0.25825 0.50000 0.07547 0.13542 0.25000 0.43542 2 0.23113 0.47292 2 0.28538 0.53542 2 0.22406 0.51458 2 0.26887 0.45000 2 
0 0.27005 0.38958 0.07783 0.13958 0.25000 0.43542 2 0.25000 0.35833 2 0.30071 0.45417 2 0.23939 0.41458 2 0.26887 0.45000 2 
